Data
1
J. Rahm
-9
0.57
1.57
1.25
1.05
3.87
4.43
2
R. Palmer
-6
0.4
0.78
2.55
-0.04
3.29
3.68
3
M. Fitzpatrick
-5
2.03
-0.11
0.73
0.79
1.4
3.43
T4
J. Day
-4
1.63
0.94
0.63
-0.01
1.55
3.18
T4
M. Wallace
-4
1.44
1.31
-0.18
0.62
1.74
3.18
T6
H. Norlander
-3
2.11
0.36
1.02
-0.55
0.82
2.93
T6
M. Hughes
-3
2.27
0.54
-0.27
0.39
0.66
2.93
8
T. Finau
-2
1.59
-0.55
0.81
0.83
1.1
2.68
9
K. Na
-1
1.29
0.53
1.24
-0.63
1.14
2.43
T10
L. List
E
0.43
0.16
0.38
1.21
1.75
2.18
T10
X. Zhang
E
1.22
0.02
0.54
0.4
0.96
2.18
T10
P. Reed
E
1.29
0.14
-0.18
0.94
0.9
2.18
T13
B. Horschel
1
0.89
0.33
0.1
0.61
1.04
1.93
T13
B. Steele
1
0.72
0
0.47
0.74
1.21
1.93
T13
J. Spieth
1
0.02
1.2
1.18
-0.48
1.91
1.93
T13
H. English
1
0.42
0.27
0.92
0.32
1.51
1.93
T13
X. Schauffele
1
-1.24
0.29
1.14
1.74
3.17
1.93
T18
S. Stricker
2
0.96
0.74
0.15
-0.16
0.73
1.68
T18
J. Thomas
2
0.65
0.56
0.23
0.24
1.03
1.68
T18
P. Rodgers
2
1.26
-0.02
-0.2
0.64
0.43
1.68
T18
S. Kim
2
0.77
-0.07
1.3
-0.32
0.91
1.68
T22
C. Reavie
3
0.55
0.52
0.32
0.05
0.88
1.43
T22
D. Frittelli
3
0.21
1.17
0.13
-0.07
1.22
1.43
T22
B. Todd
3
0.26
1.31
0.28
-0.41
1.17
1.43
T22
G. Woodland
3
0.31
0.51
1.56
-0.95
1.13
1.43
T22
K. Mitchell
3
1.03
0.12
0.63
-0.36
0.4
1.43
T22
C. Conners
3
0.23
0.06
0.67
0.48
1.2
1.43
T22
E. van Rooyen
3
-0.76
-0.03
2.08
0.14
2.19
1.43
T22
C. Bezuidenhout
3
1.31
0.53
0.81
-1.23
0.12
1.43
T22
S. Scheffler
3
-0.05
-0.06
0.81
0.74
1.49
1.43
T22
M. Wolff
3
0.63
-0.79
0.44
1.15
0.81
1.43
T32
S. Garcia
4
-0.73
0.9
0.78
0.23
1.91
1.18
T32
M. Kuchar
4
1.26
-0.19
-0.21
0.33
-0.08
1.18
T32
B. Watson
4
-0.91
-0.59
1.96
0.73
2.09
1.18
T32
R. McIlroy
4
0.97
-1.41
0.66
0.96
0.21
1.18
T32
D. Willett
4
1.51
-0.92
-0.13
0.72
-0.33
1.18
T32
P. Cantlay
4
0.52
-0.28
0.28
0.67
0.66
1.18
T38
C. Pettersson
5
-0.45
0.92
0.89
-0.43
1.38
0.93
T38
L. Glover
5
0.11
0.25
0.56
0.01
0.82
0.93
T40
T. Woods
6
-0.36
-0.3
1.37
-0.04
1.04
0.68
T40
R. Moore
6
0.15
-0.28
0.6
0.22
0.53
0.68
T40
M. Leishman
6
1.2
0.51
0.24
-1.26
-0.52
0.68
T40
S. Harrington
6
0.5
0.13
0.01
0.05
0.18
0.68
T44
J. Dufner
7
-1.23
0.78
1.02
-0.13
1.67
0.43
T44
C. Pan
7
-0.5
0.28
0.82
-0.16
0.93
0.43
T44
B. Cauley
7
0.39
0.76
-0.99
0.28
0.04
0.43
T44
L. Griffin
7
0.57
-0.06
0.53
-0.61
-0.14
0.43
T48
J. Furyk
8
0.4
-0.49
0.11
0.16
-0.22
0.18
T48
C. Howell III
8
0.65
0.84
-1.21
-0.1
-0.47
0.18
T48
C. Ortiz
8
0.31
0.31
-0.27
-0.17
-0.13
0.18
T48
V. Hovland
8
0.47
-0.06
-0.17
-0.06
-0.29
0.18
T48
S. Munoz
8
-0.94
-0.42
1.02
0.51
1.12
0.18
T48
C. Morikawa
8
-2.07
0.58
1.28
0.4
2.25
0.18
T54
P. Mickelson
9
-0.92
0.86
-0.57
0.56
0.85
-0.07
T54
L. Oosthuizen
9
-0.27
-0.31
0.66
-0.15
0.2
-0.07
T54
K. Streelman
9
-0.46
0.71
-0.74
0.42
0.39
-0.07
T54
A. Hadwin
9
-0.21
0.49
-0.1
-0.25
0.14
-0.07
T58
Z. Johnson
10
-0.45
-0.38
1.2
-0.69
0.13
-0.32
T58
A. Ancer
10
1.29
-0.09
-1.88
0.36
-1.61
-0.32
T58
D. McCarthy
10
0.14
0.28
-0.21
-0.52
-0.45
-0.32
61
S. Straka
11
1.48
-0.22
-1.64
-0.19
-2.05
-0.57
T62
V. Singh
12
-0.86
-0.02
0.27
-0.22
0.04
-0.82
T62
S. Cink
12
-0.16
0.41
-0.73
-0.34
-0.66
-0.82
T62
J. Walker
12
-0.32
0.28
1.1
-1.89
-0.5
-0.82
T62
S. Piercy
12
-0.51
-0.88
0.26
0.31
-0.31
-0.82
T62
B. Hoag
12
-0.31
0.23
-0.45
-0.29
-0.51
-0.82
T62
B. Koepka
12
0.68
-1.27
-0.2
-0.03
-1.5
-0.82
T68
W. McGirt
13
-0.69
0.56
-0.32
-0.62
-0.38
-1.07
T68
K. Bradley
13
-1.25
0.1
0.05
0.03
0.18
-1.07
T68
C. Smith
13
-0.09
-1.04
0.17
-0.11
-0.98
-1.07
T68
T. Duncan
13
-0.86
-0.81
0.96
-0.36
-0.21
-1.07
72
M. Hubbard
14
0.24
-0.28
-1.22
-0.06
-1.56
-1.32
73
S. Kang
16
-0.42
-0.12
0.6
-1.87
-1.4
-1.82
74
J. Dahmen
18
0.21
-0.01
-2.38
-0.14
-2.53
-2.32
CUT
P. Casey
4
-0.28
-2.01
0.59
1.23
-0.19
-0.47
CUT
K. Kisner
4
-1.07
0.49
0.37
-0.26
0.61
-0.47
CUT
S. Lowry
4
-2.36
0.07
1.21
0.6
1.89
-0.47
CUT
A. Long
4
-0.26
-0.1
-0.23
0.12
-0.21
-0.47
CUT
S. Im
4
-0.14
0
-0.9
0.58
-0.32
-0.47
CUT
M. Homa
4
-0.21
-0.55
-0.33
0.62
-0.26
-0.47
CUT
D. Berger
4
0.11
-0.84
0.05
0.21
-0.58
-0.47
CUT
J. Niemann
4
-2.86
0.09
1.75
0.55
2.4
-0.47
CUT
T. Gooch
4
2.04
-1.27
-1.59
0.35
-2.51
-0.47
CUT
E. Els
5
-0.41
0.33
-0.61
-0.27
-0.56
-0.97
CUT
J. Rose
5
-0.41
-1.89
0.44
0.9
-0.56
-0.97
CUT
R. Sabbatini
5
-1.92
2.09
-1.66
0.52
0.95
-0.97
CUT
I. Poulter
5
0.28
-0.86
0.02
-0.41
-1.25
-0.97
CUT
N. Taylor
5
-0.49
-1.04
1.15
-0.59
-0.48
-0.97
CUT
C. Schwartzel
5
-0.14
-0.21
-0.77
0.15
-0.83
-0.97
CUT
R. Cabrera Bello
5
0.31
-0.78
-0.38
-0.13
-1.28
-0.97
CUT
B. Harman
5
-0.56
1.37
-1.69
-0.09
-0.41
-0.97
CUT
B. Grace
5
-2.1
-0.67
2.27
-0.46
1.13
-0.97
CUT
R. Fowler
5
-0.07
-0.27
-1.53
0.9
-0.9
-0.97
CUT
T. Hoge
5
0.42
0.63
-1.34
-0.68
-1.39
-0.97
CUT
H. Varner III
5
-0.74
0.62
-0.7
-0.15
-0.23
-0.97
CUT
B. DeChambeau
5
-0.09
0.11
-3.12
2.13
-0.88
-0.97
CUT
V. Taylor
6
-0.86
-0.03
-0.1
-0.48
-0.61
-1.47
CUT
A. Noren
6
-1.13
0.41
-0.07
-0.68
-0.34
-1.47
CUT
W. Simpson
6
0.24
-0.12
-2.67
1.09
-1.71
-1.47
CUT
J. Herman
6
-1.12
-0.05
-0.24
-0.05
-0.35
-1.47
CUT
B. Stuard
6
-0.35
0.35
-0.32
-1.16
-1.12
-1.47
CUT
J. Poston
6
-0.29
-0.8
-0.93
0.55
-1.17
-1.47
CUT
P. Kuest
6
0.02
0.34
-2.38
0.55
-1.49
-1.47
CUT
B. Wiesberger
7
-1.43
0.17
-0.97
0.26
-0.54
-1.97
CUT
H. Li
7
-0.3
-1.94
-0.89
1.15
-1.67
-1.97
CUT
W. Clark
7
0.98
-0.73
-2.45
0.23
-2.95
-1.97
CUT
J. Scrivener
8
-0.18
-0.05
-1.02
-1.22
-2.29
-2.47
CUT
T. Merritt
8
-0.84
-0.98
-1
0.35
-1.63
-2.47
CUT
H. Higgs
8
-0.18
-0.44
-0.84
-1
-2.28
-2.47
CUT
C. Champ
8
-0.96
0.71
-2.68
0.46
-1.51
-2.47
CUT
D. Redman
8
-2.98
-1.06
1.05
0.52
0.51
-2.47
CUT
B. An
9
-0.29
-0.81
-0.65
-1.21
-2.67
-2.97
CUT
M. Schwab
9
-2.26
0.05
-1.14
0.39
-0.7
-2.97
CUT
M. NeSmith
9
-1.2
0.95
-1.58
-1.13
-1.76
-2.97
CUT
E. Grillo
10
-2.46
0.01
-1.89
0.88
-1.01
-3.47
CUT
H. Matsuyama
10
-2.78
1.36
-0.98
-1.06
-0.69
-3.47
CUT
A. Landry
10
1
-1.51
-2.91
-0.05
-4.47
-3.47
CUT
Z. Blair
10
-2.57
-0.36
-0.03
-0.51
-0.9
-3.47
CUT
G. McDowell
11
-0.28
-0.24
-1.45
-2
-3.68
-3.97
CUT
V. Perez
11
-0.87
-1.54
-0.86
-0.69
-3.1
-3.97
CUT
A. Putnam
12
1.08
-0.58
-2.69
-2.28
-5.55
-4.47
CUT
K. Tway
13
-2.05
-1.15
-1.92
0.16
-2.91
-4.97
CUT
J. Janewattananond
13
-2.47
-1.88
-0.13
-0.49
-2.5
-4.97
CUT
M. McNealy
14
-0.53
-0.5
-2.22
-2.21
-4.93
-5.47
CUT
A. Ogletree
14
-0.63
-2.56
-1.18
-1.1
-4.84
-5.47
CUT
K. Choi
16
-3.1
-1.02
-2.19
-0.15
-3.37
-6.47
CUT
D. Johnson
16
-3.12
-1.32
-2.05
0.03
-3.34
-6.47
CUT
D. Lingmerth
20
-1.37
-2.16
-2.79
-2.16
-7.1
-8.47
